30,0,20
0 1 0.54
0 12 0.14
0 27 0.36
1 2 0.33
1 10 0.35
1 16 0.30
1 7 0.36
2 3 0.31
3 4 0.54
3 5 0.22
3 7 0.13
4 5 0.54
4 6 0.62
4 7 0.54
5 6 0.66
5 10 0.33
5 25 0.21
6 8 0.56
6 12 0.44
6 20 0.38
7 8 0.20
7 24 0.67
7 29 0.27
8 9 0.32
8 22 0.37
9 17 0.56
9 27 0.44
10 12 0.38
10 29 0.44
11 23 0.34
11 29 0.22
12 15 0.49
12 23 0.45
12 27 0.67
13 27 0.88
13 29 0.35
14 18 0.11
14 18 0.23
15 19 0.21
15 22 0.22
16 20 0.33
17 22 0.45
18 19 0.21
19 22 0.56
20 23 0.44
21 24 0.22
22 24 0.56
23 29 0.28
24 27 0.33
25 26 0.44
26 27 0.68
27 28 0.80
28 29 0.45

